
Структура Bmp-файла
===================

Имя			Длина	Смещение	Описание


Заголовок файла (BitMapFileHeader)

Type			2	0	Сигнатура "BM"
Size 			4	2	Размер файла
Reserved1		2	6	Зарезервировано
Reserved2		2	8	Зарезервировано
OffsetBits		4	10	Смещение изображения от начала файла


Информационный заголовок (BitMapInfoHeader)

Size			4	14	Длина заголовка
Width			4	18	Ширина изображения, точки
Height			4	22	Высота изображения, точки
Planes			2	26	Число плоскостей
BitCount		2	28	Глубина цвета, бит на точку
Compression		4	30	Тип компрессии (0 - несжатое изображение)
SizeImage		4	34	Размер изображения, байт
XpelsPerMeter	4	38	Горизонтальное разрешение, точки на метр (XPPM)
YpelsPerMeter	4	42	Вертикальное разрешение, точки на метр (YPPM)
ColorsUsed		4	46	Число используемых цветов (0 - максимально возможное для данной глубины цвета)
ColorsImportant	4	50	Число основных цветов


Таблица цветов (палитра) (ColorTable)

ColorTable		1024	54	256 элементов по 4 байта


Данные изображения (BitMap Array)

Image			Size	1078	Изображение, записанное по строкам слева направо и снизу вверх




Example: Image 16x16 with alpha channel:
========================================
(Look bmp_min_example.bmp. Here is minimal header vesion)


424d 6e08 0000 0000 0000 3600 0000 2800
/\  /\        |RESERVED|/\        /\
 \   \__File size        \         \__Size of INFO header
	\                       \
	 \__"BM" signature       \__Image offset

0000 1000 0000 1000 0000 0000 2000 0000
		/\        /\        /\   /\   /\
		 \_Length  \_Height  \    \    \__Compression (0 - no compr.)
													\    \
													 \    \__Bits per pixel
														\
														 \__Planes number

0000 0000 0000 0000 0000 0000 0000 0000
		/\        /\        /\        /\
		 \         \__XPPM   \__YPPM   \__Used colors number
			\
			 \__Image size

0000 0000 0000 1000 ff00 0000 ff00 0000
	/\        /\
		 \         \__Image begin
			\
			 \__Main colors number

0000 0000 0000 0000 0000 0000 0000 0000
0000 0000 0000 0000 0000 0000 0000 0000
0000 0000 0000 0000 0000 0000 0000 0000
ff00 0000 ff00 0000 ff00 0000 0000 0000
0000 0000 0000 0000 0000 0000 0000 0000
0000 0000 0000 0000 0000 0000 0000 0000
0000 0000 0000 0000 0000 0000 0000 0000
0000 0000 ff00 0000 0000 0000 0000 0000
0000 0000 0000 0000 0000 0000 0000 0000
0000 0000 0000 0000 0000 0000 0000 0000
0000 0000 0000 0000 0000 0000 0000 0000
0000 0000 0000 0000 0000 0000 0000 0000
0000 0000 0000 0000 0000 0000 0000 0000
0000 0000 0000 0000 0000 0000 0000 0000
0000 0000 0000 0000 0000 0000 0000 0000
0000 0000 0000 0000 0000 0000 0000 0000
0000 0000 0000 0000 0000 0000 0000 0000
0000 0000 0000 0000 0000 0000 0000 0000
0000 0000 0000 0000 0000 0000 0000 0000
0000 0000 0000 0000 0000 0000 0000 0000
0000 0000 0000 0000 0000 0000 0000 0000
0000 0000 0000 0000 0000 0000 0000 0000
0000 0000 0000 0000 0000 0000 0000 0000
0000 0000 0000 0000 0000 0000 0000 0000
0000 0000 0000 0000 0000 0000 0000 0000
0000 0000 0000 0000 0000 0000 0000 0000
0000 0000 0000 0000 0000 0000 0000 0000
0000 0000 0000 0000 0000 0000 0000 0000
0000 0000 0000 0000 0000 0000 0000 0000
0000 0000 0000 0000 0000 0000 0000 0000
0000 0000 0000 0000 0000 0000 0000 0000
0000 0000 0000 0000 0000 0000 0000 0000
0000 0000 0000 0000 0000 0000 0000 0000
0000 0000 0000 0000 0000 0000 0000 0000
0000 0000 0000 0000 0000 0000 0000 0000
0000 0000 0000 0000 0000 0000 0000 0000
0000 0000 0000 0000 0000 0000 0000 0000
0000 0000 0000 0000 0000 0000 0000 0000
0000 0000 0000 0000 0000 0000 0000 0000
0000 0000 0000 0000 0000 0000 0000 0000
0000 0000 0000 0000 0000 0000 0000 0000
0000 0000 0000 0000 0000 0000 0000 0000
0000 0000 0000 0000 0000 0000 0000 0000
0000 0000 0000 0000 0000 0000 0000 0000
0000 0000 0000 0000 0000 0000 0000 0000
0000 0000 0000 0000 0000 0000 0000 0000
0000 0000 0000 0000 0000 0000 0000 0000
0000 0000 0000 0000 0000 0000 0000 0000
0000 0000 0000 0000 0000 0000 0000 0000
0000 0000 0000 0000 0000 0000 0000 0000
0000 0000 0000 0000 0000 0000 0000 0000
0000 0000 0000 0000 0000 0000 0000 0000
0000 0000 0000 0000 0000 0000 0000 0000
0000 0000 0000 0000 0000 0000 0000 0000
0000 0000 0000 0000 0000 0000 0000 0000
0000 0000 0000 0000 ff00 0000 0000 0000
0000 0000 0000 0000 0000 0000 0000 0000
0000 0000 0000 0000 0000 0000 0000 0000
0000 0000 0000 0000 0000 0000 0000 0000
0000 0000 ff00 0000 ff00 0000 ff00 0000
0000 0000 0000 0000 0000 0000 0000 0000
0000 0000 0000 0000 0000 0000 0000 0000
0000 0000 0000 0000 0000 0000 0000 0000
ff00 0000 ff00 0000
									/\
									 \__Image end